+6282323416121
+17548161627
+17273008229
+12092731360
+13044023823
+15186620937
+12074242339
+18022109189
+17244801513
+12564029327
+13214658392
+14028356098
+12177518075
+12173394903
+14702502598
+17853694537
+19852179867
+18035604683
+14704999114
+14053627682
+14052218277
+15714754766
+18645099640
+17752965380
+17013532949
+15853045524
+16786018644
+18456811442
+19786995819
+19287197476
+13042369963
+12487750717
+13372438249
+12097370329
+16064046019
+17868626898
+12075914747
+15184305267
+17203786039
+12532715232
+14403078170
+13376070430
+18705879575
+19852382209
+19852382209
+6282323416121
+17548161627
+17273008229
+12092731360
+13044023823
+15186620937
+12074242339
+18022109189
+17244801513
+12564029327
+13214658392
+14028356098
+12177518075
+12173394903
+14702502598
+17853694537
+19852179867
+18035604683
+14704999114
+14053627682
+14052218277
+15714754766
+18645099640
+17752965380
+17013532949
+15853045524
+16786018644
+18456811442
+19786995819
+19287197476
+13042369963
+12487750717
+13372438249
+12097370329
+16064046019
+17868626898
+12075914747
+17203786039
+12532715232
+14403078170
+6282323416121
+17548161627
+17273008229
+12092731360
+13044023823
+15186620937
+12074242339
+18022109189
+17244801513
+12564029327
+6282323416121
+17548161627
+17273008229
+12092731360
+13044023823
+15186620937
+12074242339
+18022109189
+17244801513
+12564029327
+13214658392
+14028356098
+12177518075
+12173394903
+14702502598
+17853694537
+19852179867
+18035604683
+14704999114
+14053627682
+14052218277
+15714754766
+18645099640
+17752965380
+17013532949
+15853045524
+16786018644
+18456811442
+19786995819
+19287197476
+13042369963
+12487750717
+13372438249
+12097370329
+16064046019
+17868626898
+12075914747
+17203786039
+12532715232
+14403078170
+13376070430
+18705879575
+19852382209
+19852382209
+6282323416121
+17548161627
+17273008229
+12092731360
+13044023823
+15186620937
+12074242339
+18022109189
+17244801513
+12564029327
+13214658392
+14028356098
+12177518075
+12173394903
+14702502598
+17853694537
+19852179867
+18035604683
+14704999114
+6282323416121
+17548161627
+17273008229
+12092731360
+13044023823
+15186620937
+12074242339
+18022109189
+6282323416121
+17548161627
+17273008229
+12092731360
+13044023823
+15186620937
+12074242339
+6282323416121
+17548161627
+17273008229
+12092731360
+13044023823
+15186620937
+12074242339
+18022109189
+17244801513
+12564029327
+13214658392
+14028356098
+6282323416121
+6282323416121
+17548161627
+17273008229
+12092731360
+13044023823
+15186620937
+12074242339
+17244801513
